tensor([[0.0000, 0.0000, 0.0000, 0.0000, 0.0000, 0.0000, 0.0000, 0.0000, 0.0000],
        [0.0000, 0.0000, 0.0000, 0.0000, 0.0000, 0.0000, 0.3063, 0.0000, 0.2316],
        [0.0000, 0.0000, 0.0000, 0.1721, 0.3560, 0.0000, 0.0000, 0.1830, 0.0000],
        [0.0000, 0.0000, 0.1721, 0.0000, 0.0000, 0.1894, 0.0000, 0.0000, 0.2272],
        [0.0000, 0.0000, 0.3560, 0.0000, 0.0000, 0.0000, 0.0000, 0.0000, 0.0000],
        [0.0000, 0.0000, 0.0000, 0.1894, 0.0000, 0.0000, 0.0000, 0.2077, 0.1316],
        [0.0000, 0.3063, 0.0000, 0.0000, 0.0000, 0.0000, 0.1233, 0.0000, 0.0000],
        [0.0000, 0.0000, 0.1830, 0.0000, 0.0000, 0.2077, 0.0000, 0.0000, 0.0000],
        [0.0000, 0.2316, 0.0000, 0.2272, 0.0000, 0.1316, 0.0000, 0.0000, 0.0000]],
       device='cuda:0', grad_fn=<ReluBackward0>)
